139,1
139,3
0,299
120,1
120,3
0,273
0,270
0,284
249,5
249,1
249,9
249,3
0,537
52,1
52,3
0,437
3,1
3,3
10,295
10,19
10,288
10,164
10,91
10,234
10,71
10,269
10,2
10,3
11,27
11,11
11,22
11,20
9,7
9,4
9,1
9,6
9,2
9,3
8,12
8,17
8,15
8,4
8,5
8,2
8,3
18,3
14,6
14,12
14,3
13,5
13,3
70,115
70,114
70,112
70,111
70,109
70,107
70,106
70,104
70,103
70,101
70,99
70,98
70,96
70,95
70,93
70,92
70,90
70,88
70,87
70,85
70,84
70,82
70,80
70,79
70,77
70,76
70,74
70,73
70,71
70,36
70,3
70,1
67,28
67,27
67,26
67,25
67,24
67,23
67,22
67,21
67,20
67,19
67,18
67,17
67,16
67,15
67,14
67,13
67,12
67,11
67,10
67,9
67,8
67,7
67,6
67,5
67,4
67,3
67,1
65,1
62,3
62,1
56,3
56,1
36,3
36,1
35,3
35,1
34,3
34,1
20,3
20,2
20,1
19,3
19,2
19,1
18,1
14,11
14,10
14,9
14,8
14,7
14,1
14,5
14,2
14,0
13,1
13,4
12,3
12,2
12,1
11,30
11,29
11,26
11,25
11,24
11,23
11,21
11,19
11,18
11,17
11,16
11,14
11,13
11,12
11,8
11,6
11,4
11,3
11,2
11,1
10,294
10,293
10,275
10,247
10,240
10,238
10,237
10,231
10,221
10,220
10,173
10,138
10,115
10,82
10,1
2,2
10,31
2,1
8,1
2,3
8,14
3,2
0,387
0,0
260,34
260,33
260,32
260,31
260,30
260,29
260,28
260,27
260,26
260,25
260,24
260,23
260,22
260,21
260,20
260,19
260,18
260,17
260,16
260,15
260,14
260,13
260,12
260,11
260,10
260,9
260,8
260,7
260,6
260,5
260,4
260,3
260,2
260,0
0,535
0,519
0,525
0,276
0,275
0,272
0,271
0,12
0,386
0,10
0,524
0,8
0,512
0,440
0,268
0,500
0,468
0,267
0,467
0,439
0,266
0,311
0,499
0,265
0,436
0,264
0,466
0,435
0,263
0,465
0,434
0,262
0,438
0,433
0,261
0,497
0,260
0,527
0,517
0,259
0,526
0,496
0,258
0,462
0,430
0,257
0,495
0,429
0,256
0,522
0,428
0,255
0,432
0,494
0,254
0,521
0,493
0,253
0,534
0,492
0,252
0,431
0,251
0,491
0,250
0,490
0,249
0,427
0,488
0,248
0,464
0,422
0,247
0,463
0,421
0,246
0,487
0,245
0,300
0,420
0,244
0,297
0,419
0,242
160,3
160,1
159,1
159,4
121,1
120,4
170,3
248,3
248,1
71,3
71,6
71,4
127,4
127,1
195,3
195,1
145,1
0,424
115,1
157,5
157,1
158,3
158,1
116,5
116,4
0,489
95,10
95,1
95,5
95,6
95,8
68,3
68,17
68,4
68,5
68,7
68,9
68,10
68,12
68,13
68,15
68,16
149,29
149,15
149,16
149,28
70,37
70,4
70,6
70,7
70,9
70,10
70,12
70,14
70,15
70,17
70,18
70,20
70,21
70,23
70,25
70,26
70,28
70,29
70,31
70,33
70,34
70,64
70,65
70,67
70,68
70,70
70,75
70,78
70,83
70,86
70,91
70,97
70,100
70,105
70,108
70,113
70,116
70,118
70,120
70,121
70,123
70,124
70,126
70,128
70,129
70,131
70,132
70,134
70,136
70,137
70,139
70,140
70,142
70,143
70,145
70,147
70,148
70,150
70,151
70,153
70,155
70,156
70,158
70,159
70,161
70,162
70,164
70,166
70,167
70,169
70,170
70,172
70,174
70,175
70,177
70,178
70,180
70,181
70,183
70,185
70,186
70,188
70,189
70,191
70,193
70,194
70,196
70,197
70,199
70,200
70,202
70,204
70,205
70,207
70,208
70,210
70,212
70,213
70,215
70,216
70,218
70,220
70,221
70,223
70,224
70,226
70,227
70,229
70,231
70,232
70,234
70,235
70,237
70,239
70,240
70,242
70,243
70,245
70,246
70,248
70,250
70,251
70,253
70,254
70,256
70,258
70,259
70,261
70,262
70,264
70,265
70,267
70,269
70,270
70,272
70,273
70,275
70,277
70,278
70,280
70,281
70,283
70,285
70,286
70,288
70,289
70,291
70,292
70,294
70,296
70,297
70,299
70,300
70,302
70,304
70,305
70,307
70,308
70,310
70,311
70,313
70,315
70,316
70,318
70,319
70,321
70,323
70,324
70,326
70,327
70,329
70,330
70,332
70,334
70,335
70,337
70,338
70,340
70,342
70,343
70,345
70,346
70,348
70,349
70,351
70,353
70,354
70,356
70,357
70,359
70,361
70,362
70,364
70,365
70,367
70,369
70,370
70,372
70,373
70,375
70,376
70,378
70,380
70,381
70,383
70,384
70,386
70,388
70,389
70,391
70,392
70,394
70,395
70,397
70,399
70,400
70,402
70,403
70,405
70,407
70,408
70,410
70,411
70,413
70,414
70,416
70,418
70,419
70,421
70,422
70,424
70,426
70,427
70,429
70,430
70,432
70,434
70,435
70,437
70,438
70,440
70,441
70,443
70,445
70,446
70,448
70,449
70,451
70,453
70,454
70,456
70,457
70,459
70,460
70,462
70,464
70,465
70,467
70,468
70,470
70,472
70,473
70,475
70,476
70,478
70,479
70,481
70,483
70,484
70,486
70,487
70,489
70,491
70,492
70,494
70,495
70,497
70,499
70,500
70,502
70,503
70,505
70,506
70,508
70,510
70,511
70,513
70,514
70,516
70,518
70,519
70,521
70,522
70,524
70,525
70,527
70,529
70,530
70,532
70,533
70,535
70,537
70,538
70,540
70,541
70,543
70,544
70,546
70,548
70,549
70,551
70,552
70,554
70,556
70,557
70,559
70,560
70,562
70,563
70,565
70,567
70,568
70,570
70,571
70,573
70,575
70,576
70,578
70,579
70,581
70,583
70,584
70,586
70,587
70,589
70,590
70,592
70,594
70,595
70,597
70,598
70,600
70,602
70,603
70,605
70,606
70,608
70,609
70,611
70,613
70,614
70,616
70,617
70,619
70,621
70,622
70,624
70,625
70,627
70,628
70,630
70,632
70,633
70,635
70,636
70,638
70,640
70,641
70,643
70,644
70,646
70,648
70,649
70,651
70,652
70,654
70,655
70,657
70,659
70,660
70,662
70,663
70,665
70,667
70,668
70,670
70,671
70,673
70,674
70,676
70,678
70,679
70,681
70,682
70,684
70,686
70,687
70,689
70,690
70,692
70,693
70,695
70,697
70,698
70,700
70,701
70,703
70,705
70,706
70,708
70,709
70,711
70,712
70,714
70,716
70,717
70,719
70,720
70,722
70,724
70,725
70,727
70,728
70,730
70,732
70,733
70,735
70,736
70,738
70,739
70,741
70,743
70,744
70,746
70,747
70,749
70,751
70,752
70,754
70,755
70,757
70,758
70,760
70,762
70,763
70,765
70,766
70,768
70,770
70,771
70,773
70,774
70,776
70,777
70,779
70,781
70,782
70,784
70,785
70,787
70,789
70,790
70,792
70,793
70,795
70,797
70,798
70,800
70,801
70,803
70,804
70,806
70,808
70,809
70,811
70,812
70,814
70,816
70,817
70,819
70,820
70,822
70,823
70,825
70,827
70,828
70,830
70,831
70,833
70,835
70,836
70,838
70,839
70,841
70,842
70,844
70,846
70,847
70,849
70,850
70,852
70,854
70,855
70,857
70,858
70,860
70,861
70,863
70,865
70,866
70,868
70,869
70,871
70,873
70,874
70,876
70,877
70,879
70,881
70,882
70,884
70,885
70,887
70,888
70,890
70,892
70,893
70,895
70,896
70,898
70,900
70,901
70,903
70,904
70,906
70,907
70,909
70,911
70,912
70,914
70,915
70,917
70,919
70,920
70,922
70,923
70,925
70,926
70,928
70,930
70,931
70,933
70,934
70,936
70,938
70,939
70,941
70,942
70,944
70,946
70,947
70,949
70,950
70,952
70,953
70,955
70,957
70,958
70,960
70,961
70,963
70,965
70,966
70,968
70,969
70,971
70,972
70,974
70,976
70,977
70,979
70,980
70,982
70,984
70,985
70,987
70,988
70,990
70,991
70,993
70,995
70,996
70,998
70,999
70,1001
70,1003
70,1004
70,1006
70,1007
70,1009
70,1011
70,1012
70,1014
70,1015
70,1017
70,1018
70,1020
70,1022
70,1023
70,1025
70,1026
70,1028
70,1030
70,1031
70,1033
70,1034
70,1036
70,1037
70,1039
70,1041
70,1042
70,1044
70,1045
70,1047
70,1049
70,1050
70,1052
70,1053
70,1055
70,1056
70,1058
70,1060
70,1061
70,1063
70,1064
70,1066
70,1068
70,1069
70,1071
70,1072
70,1074
70,1075
70,1077
70,1079
70,1080
70,1082
70,1083
70,1085
70,1087
70,1088
70,1090
70,1091
70,1093
70,1095
70,1096
70,1098
70,1099
70,1101
70,1102
70,1104
70,1106
70,1107
70,1109
70,1110
70,1112
70,1114
70,1115
70,1117
70,1118
70,1120
70,1121
70,1123
70,1125
70,1126
70,1128
70,1129
70,1131
70,1133
70,1134
70,1136
70,1137
70,1139
70,1140
70,1142
70,1144
70,1145
70,1147
70,1148
70,1150
70,1152
70,1153
70,1155
70,1156
70,1158
70,1160
70,1161
70,1163
70,1164
70,1166
70,1167
70,1169
70,1171
70,1172
70,1174
70,1175
70,1177
70,1179
70,1180
70,1182
70,1183
70,1185
70,1186
70,1188
70,1190
70,1191
70,1193
70,1194
70,1196
70,1198
70,1199
70,1201
70,1202
70,1204
70,1205
70,1207
70,1209
70,1210
70,1212
70,1213
70,1215
70,1217
70,1218
70,1220
70,1221
70,1223
70,1224
70,1226
70,1228
70,1229
70,1231
70,1232
70,1234
70,1236
70,1237
70,1239
70,1240
70,1242
70,1244
70,1245
70,1247
70,1248
70,1250
70,1251
70,1253
70,1255
70,1256
70,1258
